[Window][Debug##Default]
Pos=60,60
Size=400,400
Collapsed=0

[Docking][Data]


[NodeEditorNodeData][Node:16]
variable=1120403456
variable=1065353216
variable=1065353216
variable=1065353216
variable=1065353216
variable=0
node=0
hybrid=0:50.000000
id=3
grid_pos=130.000000:69.000000

[NodeEditorNodeData][Node:9]
variable=1120403456
variable=-1082130432
variable=1065353216
id=2
grid_pos=417.000000:220.000000

[NodeEditorNodeGraph][Settings]
grid_offset=0.000000:0.000000
scale=2.500000
seed=1337
gen_type=0
selected_node=2
